x = 5;y = [4,2,9];z = [2 3 4; 5 6 7];